{
 "cells": [
  {
   "cell_type": "code",
   "execution_count": 1,
   "metadata": {},
   "outputs": [],
   "source": [
    "import numpy as np\n",
    "import matplotlib.pyplot as plt"
   ]
  },
  {
   "cell_type": "code",
   "execution_count": 2,
   "metadata": {},
   "outputs": [],
   "source": [
    "def my_matrix(n):\n",
    "    h = 1/n\n",
    "\n",
    "    a = -2 * np.ones(n-1)\n",
    "    b = np.ones(n-2)\n",
    "\n",
    "    A = np.diag(b, -1) + np.diag(a, 0) + np.diag(b, 1)\n",
    "\n",
    "    return A/h**2"
   ]
  },
  {
   "cell_type": "code",
   "execution_count": 3,
   "metadata": {},
   "outputs": [],
   "source": [
    "# returns structured array of eigen value & vector pairs sorted by value\n",
    "def sorted_eigen_pairs(A):\n",
    "    [values, vectors] = np.linalg.eig(A)\n",
    "\n",
    "    n = len(values)\n",
    "\n",
    "    pairs = np.zeros(n, dtype = [('eigen_value', 'f8'),\n",
    "                                 ('eigen_vector', 'f8', (n))])\n",
    "\n",
    "    pairs['eigen_value'] = values\n",
    "    pairs['eigen_vector'] = vectors\n",
    "\n",
    "    indices = np.argsort(pairs, order = ['eigen_value'])\n",
    "    indices = np.flip(indices)\n",
    "\n",
    "    return pairs[indices]"
   ]
  },
  {
   "cell_type": "code",
   "execution_count": 21,
   "metadata": {},
   "outputs": [
    {
     "name": "stdout",
     "output_type": "stream",
     "text": [
      "----------------------------------------------------------------\n",
      "\n",
      "n = 2\n",
      "\n",
      "Eigenvalues:\n",
      "-8.0\n",
      "\n",
      "Eigenvectors:\n",
      "1.0\n",
      "\n",
      "----------------------------------------------------------------\n",
      "\n",
      "n = 3\n",
      "\n",
      "Eigenvalues:\n",
      "-9.0\n",
      "-27.0\n",
      "\n",
      "Eigenvectors:\n",
      "[ 0.70710678 -0.70710678]\n",
      "[0.70710678 0.70710678]\n",
      "\n",
      "----------------------------------------------------------------\n",
      "\n",
      "n = 4\n",
      "\n",
      "Eigenvalues:\n",
      "-9.372583002030478\n",
      "-31.999999999999996\n",
      "-54.62741699796946\n",
      "\n",
      "Eigenvectors:\n",
      "[ 0.5        -0.70710678  0.5       ]\n",
      "[-7.07106781e-01 -4.05405432e-16  7.07106781e-01]\n",
      "[0.5        0.70710678 0.5       ]\n",
      "\n",
      "----------------------------------------------------------------\n",
      "\n",
      "n = 5\n",
      "\n",
      "Eigenvalues:\n",
      "-9.549150281252611\n",
      "-34.54915028125264\n",
      "-65.45084971874735\n",
      "-90.45084971874735\n",
      "\n",
      "Eigenvectors:\n",
      "[-0.37174803  0.60150096 -0.37174803  0.60150096]\n",
      "[-0.60150096  0.37174803  0.60150096 -0.37174803]\n",
      "[-0.37174803 -0.60150096  0.37174803  0.60150096]\n",
      "[-0.60150096 -0.37174803 -0.60150096 -0.37174803]\n",
      "\n",
      "----------------------------------------------------------------\n",
      "\n",
      "n = 6\n",
      "\n",
      "Eigenvalues:\n",
      "-9.646170927520402\n",
      "-35.99999999999999\n",
      "-71.99999999999997\n",
      "-108.00000000000001\n",
      "-134.35382907247953\n",
      "\n",
      "Eigenvectors:\n",
      "[ 0.28867513 -0.28867513 -0.5         0.57735027 -0.5       ]\n",
      "[ 0.28867513 -0.28867513  0.5         0.57735027  0.5       ]\n",
      "[ 5.00000000e-01  5.00000000e-01 -5.00000000e-01 -7.43018867e-17\n",
      "  5.00000000e-01]\n",
      "[ 5.77350269e-01 -5.77350269e-01  5.60329609e-17 -5.77350269e-01\n",
      "  3.42670851e-16]\n",
      "[ 5.00000000e-01  5.00000000e-01  5.00000000e-01  1.12996416e-16\n",
      " -5.00000000e-01]\n",
      "\n",
      "----------------------------------------------------------------\n",
      "\n",
      "n = 7\n",
      "\n",
      "Eigenvalues:\n",
      "-9.705050945562961\n",
      "-36.89799941784412\n",
      "-76.19294847228122\n",
      "-119.80705152771888\n",
      "-159.10200058215582\n",
      "-186.29494905443664\n",
      "\n",
      "Eigenvectors:\n",
      "[ 0.52112089 -0.23192061 -0.41790651 -0.52112089 -0.41790651  0.23192061]\n",
      "[ 0.23192061 -0.41790651  0.52112089 -0.23192061  0.52112089  0.41790651]\n",
      "[-0.41790651  0.52112089 -0.23192061 -0.41790651  0.23192061  0.52112089]\n",
      "[-0.52112089 -0.23192061  0.41790651 -0.52112089 -0.41790651 -0.23192061]\n",
      "[ 0.41790651  0.52112089  0.23192061 -0.41790651  0.23192061 -0.52112089]\n",
      "[-0.23192061 -0.41790651 -0.52112089 -0.23192061  0.52112089 -0.41790651]\n",
      "\n",
      "----------------------------------------------------------------\n",
      "\n",
      "n = 8\n",
      "\n",
      "Eigenvalues:\n",
      "-9.743419838555344\n",
      "-37.49033200812192\n",
      "-79.01652065726852\n",
      "-127.9999999999999\n",
      "-176.98347934273144\n",
      "-218.50966799187793\n",
      "-246.25658016144442\n",
      "\n",
      "Eigenvectors:\n",
      "[-0.46193977  0.35355339 -0.19134172 -0.5        -0.46193977 -0.35355339\n",
      " -0.19134172]\n",
      "[ 3.53553391e-01 -5.00000000e-01 -3.53553391e-01 -2.01776167e-17\n",
      " -3.53553391e-01 -5.00000000e-01  3.53553391e-01]\n",
      "[-0.19134172  0.35355339  0.46193977  0.5        -0.19134172 -0.35355339\n",
      "  0.46193977]\n",
      "[ 5.00000000e-01  2.81488671e-15  5.00000000e-01 -8.34200404e-16\n",
      " -5.00000000e-01  1.27184989e-16 -5.00000000e-01]\n",
      "[-0.46193977 -0.35355339 -0.19134172  0.5        -0.46193977  0.35355339\n",
      " -0.19134172]\n",
      "[ 3.53553391e-01  5.00000000e-01 -3.53553391e-01  1.62579904e-16\n",
      " -3.53553391e-01  5.00000000e-01  3.53553391e-01]\n",
      "[-0.19134172 -0.35355339  0.46193977 -0.5        -0.19134172  0.35355339\n",
      "  0.46193977]\n",
      "\n",
      "----------------------------------------------------------------\n",
      "\n",
      "n = 9\n",
      "\n",
      "Eigenvalues:\n",
      "-9.769795432682793\n",
      "-37.90080021472559\n",
      "-80.99999999999997\n",
      "-133.8689952179573\n",
      "-190.13100478204277\n",
      "-243.00000000000014\n",
      "-286.09919978527444\n",
      "-314.2302045673173\n",
      "\n",
      "Eigenvectors:\n",
      "[-4.08248290e-01  4.08248290e-01 -2.04966257e-16 -4.08248290e-01\n",
      "  4.08248290e-01  4.08248290e-01  4.08248290e-01  1.06125765e-16]\n",
      "[ 0.30301299 -0.46424283 -0.40824829 -0.16122984 -0.16122984  0.30301299\n",
      "  0.46424283  0.40824829]\n",
      "[-0.16122984  0.30301299  0.40824829  0.46424283 -0.46424283  0.16122984\n",
      "  0.30301299  0.40824829]\n",
      "[ 0.46424283 -0.16122984  0.40824829  0.30301299  0.30301299  0.46424283\n",
      "  0.16122984 -0.40824829]\n",
      "[-0.46424283 -0.16122984 -0.40824829  0.30301299 -0.30301299  0.46424283\n",
      " -0.16122984 -0.40824829]\n",
      "[ 4.08248290e-01  4.08248290e-01  7.81435128e-16 -4.08248290e-01\n",
      " -4.08248290e-01  4.08248290e-01 -4.08248290e-01 -4.92091342e-17]\n",
      "[-0.30301299 -0.46424283  0.40824829 -0.16122984  0.16122984  0.30301299\n",
      " -0.46424283  0.40824829]\n",
      "[ 0.16122984  0.30301299 -0.40824829  0.46424283  0.46424283  0.16122984\n",
      " -0.30301299  0.40824829]\n",
      "\n",
      "----------------------------------------------------------------\n",
      "\n",
      "n = 10\n",
      "\n",
      "Eigenvalues:\n",
      "-9.788696740969272\n",
      "-38.19660112501045\n",
      "-82.44294954150533\n",
      "-138.1966011250105\n",
      "-200.00000000000006\n",
      "-261.80339887498934\n",
      "-317.5570504584944\n",
      "-361.8033988749895\n",
      "-390.2113032590302\n",
      "\n",
      "Eigenvectors:\n",
      "[-0.1381966   0.26286556 -0.3618034   0.4253254   0.4472136   0.1381966\n",
      "  0.26286556  0.4253254   0.3618034 ]\n",
      "[-2.62865556e-01  4.25325404e-01 -4.25325404e-01  2.62865556e-01\n",
      " -2.05187300e-16 -2.62865556e-01 -4.25325404e-01 -2.62865556e-01\n",
      " -4.25325404e-01]\n",
      "[-0.3618034   0.4253254  -0.1381966  -0.26286556 -0.4472136   0.3618034\n",
      "  0.4253254  -0.26286556  0.1381966 ]\n",
      "[-4.25325404e-01  2.62865556e-01  2.62865556e-01 -4.25325404e-01\n",
      " -3.16438781e-16 -4.25325404e-01 -2.62865556e-01  4.25325404e-01\n",
      "  2.62865556e-01]\n",
      "[-4.47213595e-01  3.20913140e-16  4.47213595e-01 -6.41104347e-16\n",
      "  4.47213595e-01  4.47213595e-01 -3.78026876e-16 -7.73353632e-16\n",
      " -4.47213595e-01]\n",
      "[-2.62865556e-01 -4.25325404e-01 -4.25325404e-01 -2.62865556e-01\n",
      " -6.28698524e-16 -2.62865556e-01  4.25325404e-01  2.62865556e-01\n",
      " -4.25325404e-01]\n",
      "[-0.1381966  -0.26286556 -0.3618034  -0.4253254   0.4472136   0.1381966\n",
      " -0.26286556 -0.4253254   0.3618034 ]\n",
      "[-0.3618034  -0.4253254  -0.1381966   0.26286556 -0.4472136   0.3618034\n",
      " -0.4253254   0.26286556  0.1381966 ]\n",
      "[-4.25325404e-01 -2.62865556e-01  2.62865556e-01  4.25325404e-01\n",
      "  2.65687587e-16 -4.25325404e-01  2.62865556e-01 -4.25325404e-01\n",
      "  2.62865556e-01]\n",
      "\n",
      "----------------------------------------------------------------\n",
      "\n",
      "n = 11\n",
      "\n",
      "Eigenvalues:\n",
      "-9.802700385291486\n",
      "-38.416645054854094\n",
      "-83.52370238524095\n",
      "-141.46956685354348\n",
      "-207.55980913786493\n",
      "-276.4401908621345\n",
      "-342.5304331464561\n",
      "-400.476297614759\n",
      "-445.5833549451454\n",
      "-474.19729961470756\n",
      "\n",
      "Eigenvectors:\n",
      "[-0.38786839  0.3222527  -0.12013117  0.42206128  0.23053002 -0.23053002\n",
      " -0.38786839 -0.3222527   0.12013117 -0.42206128]\n",
      "[ 0.3222527  -0.42206128 -0.23053002 -0.12013117 -0.38786839 -0.38786839\n",
      " -0.3222527  -0.42206128 -0.23053002 -0.12013117]\n",
      "[-0.23053002  0.38786839  0.42206128 -0.3222527  -0.12013117  0.12013117\n",
      " -0.23053002 -0.38786839 -0.42206128  0.3222527 ]\n",
      "[ 0.12013117 -0.23053002 -0.3222527   0.38786839  0.42206128  0.42206128\n",
      " -0.12013117 -0.23053002 -0.3222527   0.38786839]\n",
      "[ 0.42206128 -0.12013117  0.38786839 -0.23053002  0.3222527   0.3222527\n",
      " -0.42206128 -0.12013117  0.38786839 -0.23053002]\n",
      "[-0.42206128 -0.12013117 -0.38786839 -0.23053002 -0.3222527   0.3222527\n",
      " -0.42206128  0.12013117  0.38786839  0.23053002]\n",
      "[ 0.38786839  0.3222527   0.12013117  0.42206128 -0.23053002 -0.23053002\n",
      " -0.38786839  0.3222527   0.12013117  0.42206128]\n",
      "[-0.3222527  -0.42206128  0.23053002 -0.12013117  0.38786839 -0.38786839\n",
      " -0.3222527   0.42206128 -0.23053002  0.12013117]\n",
      "[ 0.23053002  0.38786839 -0.42206128 -0.3222527   0.12013117  0.12013117\n",
      " -0.23053002  0.38786839 -0.42206128 -0.3222527 ]\n",
      "[-0.12013117 -0.23053002  0.3222527   0.38786839 -0.42206128  0.42206128\n",
      " -0.12013117  0.23053002 -0.3222527  -0.38786839]\n",
      "\n",
      "----------------------------------------------------------------\n",
      "\n",
      "n = 12\n",
      "\n",
      "Eigenvalues:\n",
      "-9.81336202874835\n",
      "-38.584683710081634\n",
      "-84.35324701827433\n",
      "-143.99999999999991\n",
      "-213.460115010474\n",
      "-287.9999999999996\n",
      "-362.5398849895257\n",
      "-432.0000000000003\n",
      "-491.64675298172614\n",
      "-537.4153162899185\n",
      "-566.1866379712519\n",
      "\n",
      "Eigenvectors:\n",
      "[-3.53553391e-01  3.53553391e-01 -1.56352620e-15  3.53553391e-01\n",
      "  3.53553391e-01 -4.35455531e-17  3.53553391e-01  3.53553391e-01\n",
      "  3.53553391e-01  1.57965838e-16 -3.53553391e-01]\n",
      "[ 2.88675135e-01 -4.08248290e-01 -2.88675135e-01 -3.29453246e-16\n",
      " -2.88675135e-01  4.08248290e-01  2.88675135e-01  2.88675135e-01\n",
      "  4.08248290e-01  2.88675135e-01 -6.28331512e-17]\n",
      "[-2.04124145e-01  3.53553391e-01  4.08248290e-01 -3.53553391e-01\n",
      " -2.04124145e-01 -2.94240652e-16 -2.04124145e-01  2.04124145e-01\n",
      "  3.53553391e-01  4.08248290e-01  3.53553391e-01]\n",
      "[ 0.10566243 -0.20412415 -0.28867513  0.35355339  0.39433757 -0.40824829\n",
      " -0.39433757  0.10566243  0.20412415  0.28867513  0.35355339]\n",
      "[ 0.39433757 -0.20412415  0.28867513 -0.35355339  0.10566243 -0.40824829\n",
      " -0.10566243  0.39433757  0.20412415 -0.28867513 -0.35355339]\n",
      "[-4.08248290e-01  2.95188567e-16 -4.08248290e-01 -4.06117705e-16\n",
      " -4.08248290e-01 -3.75807358e-16 -4.08248290e-01  4.08248290e-01\n",
      "  8.59991134e-16 -4.08248290e-01 -1.22362056e-16]\n",
      "[ 0.39433757  0.20412415  0.28867513  0.35355339  0.10566243  0.40824829\n",
      " -0.10566243  0.39433757 -0.20412415 -0.28867513  0.35355339]\n",
      "[-3.53553391e-01 -3.53553391e-01  1.89381046e-15 -3.53553391e-01\n",
      "  3.53553391e-01  7.09980573e-16  3.53553391e-01  3.53553391e-01\n",
      " -3.53553391e-01 -5.67749637e-17  3.53553391e-01]\n",
      "[ 2.88675135e-01  4.08248290e-01 -2.88675135e-01  9.99525328e-17\n",
      " -2.88675135e-01 -4.08248290e-01  2.88675135e-01  2.88675135e-01\n",
      " -4.08248290e-01  2.88675135e-01  2.47758382e-16]\n",
      "[-2.04124145e-01 -3.53553391e-01  4.08248290e-01  3.53553391e-01\n",
      " -2.04124145e-01 -4.67077157e-16 -2.04124145e-01  2.04124145e-01\n",
      " -3.53553391e-01  4.08248290e-01 -3.53553391e-01]\n",
      "[ 0.10566243  0.20412415 -0.28867513 -0.35355339  0.39433757  0.40824829\n",
      " -0.39433757  0.10566243 -0.20412415  0.28867513 -0.35355339]\n",
      "\n",
      "----------------------------------------------------------------\n",
      "\n",
      "n = 13\n",
      "\n",
      "Eigenvalues:\n",
      "-9.821665709994406\n",
      "-38.71586332921506\n",
      "-85.00336711816782\n",
      "-145.9941156048693\n",
      "-218.1435481796233\n",
      "-297.258602073701\n",
      "-378.74139792629865\n",
      "-457.85645182037666\n",
      "-530.0058843951307\n",
      "-590.9966328818325\n",
      "-637.2841366707848\n",
      "-666.1783342900056\n",
      "\n",
      "Eigenvectors:\n",
      "[-0.09386733  0.18227942 -0.26009811 -0.32280083  0.36674354  0.38937246\n",
      "  0.38937246  0.09386733  0.18227942  0.26009811  0.36674354  0.32280083]\n",
      "[-0.18227942  0.32280083 -0.38937246 -0.36674354  0.26009811  0.09386733\n",
      " -0.09386733 -0.18227942 -0.32280083 -0.38937246 -0.26009811 -0.36674354]\n",
      "[-0.26009811  0.38937246 -0.32280083 -0.09386733 -0.18227942 -0.36674354\n",
      " -0.36674354  0.26009811  0.38937246  0.32280083 -0.18227942  0.09386733]\n",
      "[-0.32280083  0.36674354 -0.09386733  0.26009811 -0.38937246 -0.18227942\n",
      "  0.18227942 -0.32280083 -0.36674354 -0.09386733  0.38937246  0.26009811]\n",
      "[-0.36674354  0.26009811  0.18227942  0.38937246 -0.09386733  0.32280083\n",
      "  0.32280083  0.36674354  0.26009811 -0.18227942 -0.09386733 -0.38937246]\n",
      "[-0.38937246  0.09386733  0.36674354  0.18227942  0.32280083  0.26009811\n",
      " -0.26009811 -0.38937246 -0.09386733  0.36674354 -0.32280083  0.18227942]\n",
      "[-0.38937246 -0.09386733  0.36674354 -0.18227942  0.32280083 -0.26009811\n",
      " -0.26009811  0.38937246 -0.09386733 -0.36674354  0.32280083  0.18227942]\n",
      "[-0.18227942 -0.32280083 -0.38937246  0.36674354  0.26009811 -0.09386733\n",
      " -0.09386733  0.18227942 -0.32280083  0.38937246  0.26009811 -0.36674354]\n",
      "[-0.09386733 -0.18227942 -0.26009811  0.32280083  0.36674354 -0.38937246\n",
      "  0.38937246 -0.09386733  0.18227942 -0.26009811 -0.36674354  0.32280083]\n",
      "[-0.26009811 -0.38937246 -0.32280083  0.09386733 -0.18227942  0.36674354\n",
      " -0.36674354 -0.26009811  0.38937246 -0.32280083  0.18227942  0.09386733]\n",
      "[-0.32280083 -0.36674354 -0.09386733 -0.26009811 -0.38937246  0.18227942\n",
      "  0.18227942  0.32280083 -0.36674354  0.09386733 -0.38937246  0.26009811]\n",
      "[-0.36674354 -0.26009811  0.18227942 -0.38937246 -0.09386733 -0.32280083\n",
      "  0.32280083 -0.36674354  0.26009811  0.18227942  0.09386733 -0.38937246]\n",
      "\n",
      "----------------------------------------------------------------\n",
      "\n",
      "n = 14\n",
      "\n",
      "Eigenvalues:\n",
      "-9.828258424725178\n",
      "-38.82020378225189\n",
      "-85.52205887253254\n",
      "-147.59199767137656\n",
      "-221.9175742659173\n",
      "-304.77179388912526\n",
      "-392.0000000000001\n",
      "-479.22820611087485\n",
      "-562.0824257340827\n",
      "-636.4080023286234\n",
      "-698.4779411274658\n",
      "-745.1797962177476\n",
      "-774.1717415752755\n",
      "\n",
      "Eigenvectors:\n",
      "[-0.34053422  0.29550452 -0.08410501 -0.36848811  0.23565699 -0.16399264\n",
      " -0.37796447 -0.16399264 -0.34053422 -0.29550452  0.08410501  0.36848811\n",
      " -0.23565699]\n",
      "[ 2.95504524e-01 -3.68488115e-01 -1.63992639e-01  1.63992639e-01\n",
      " -3.68488115e-01 -2.95504524e-01 -1.05442887e-16  2.95504524e-01\n",
      " -2.95504524e-01 -3.68488115e-01 -1.63992639e-01  1.63992639e-01\n",
      " -3.68488115e-01]\n",
      "[-0.23565699  0.36848811  0.34053422  0.16399264  0.08410501  0.29550452\n",
      "  0.37796447  0.29550452 -0.23565699 -0.36848811 -0.34053422 -0.16399264\n",
      " -0.08410501]\n",
      "[ 1.63992639e-01 -2.95504524e-01 -3.68488115e-01 -3.68488115e-01\n",
      "  2.95504524e-01  1.63992639e-01  6.17521528e-17 -1.63992639e-01\n",
      " -1.63992639e-01 -2.95504524e-01 -3.68488115e-01 -3.68488115e-01\n",
      "  2.95504524e-01]\n",
      "[-0.08410501  0.16399264  0.23565699  0.29550452 -0.34053422 -0.36848811\n",
      " -0.37796447 -0.36848811 -0.08410501 -0.16399264 -0.23565699 -0.29550452\n",
      "  0.34053422]\n",
      "[ 3.68488115e-01 -1.63992639e-01  2.95504524e-01  2.95504524e-01\n",
      "  1.63992639e-01  3.68488115e-01 -2.79163156e-17 -3.68488115e-01\n",
      " -3.68488115e-01 -1.63992639e-01  2.95504524e-01  2.95504524e-01\n",
      "  1.63992639e-01]\n",
      "[-3.77964473e-01  1.02388227e-14 -3.77964473e-01  3.91569310e-16\n",
      " -3.77964473e-01 -4.16602016e-16  3.77964473e-01  4.66725948e-16\n",
      " -3.77964473e-01  5.62307086e-16  3.77964473e-01 -4.96909028e-16\n",
      "  3.77964473e-01]\n",
      "[ 3.68488115e-01  1.63992639e-01  2.95504524e-01 -2.95504524e-01\n",
      "  1.63992639e-01 -3.68488115e-01  1.15165675e-16  3.68488115e-01\n",
      " -3.68488115e-01  1.63992639e-01  2.95504524e-01 -2.95504524e-01\n",
      "  1.63992639e-01]\n",
      "[-0.34053422 -0.29550452 -0.08410501  0.36848811  0.23565699  0.16399264\n",
      " -0.37796447  0.16399264 -0.34053422  0.29550452  0.08410501 -0.36848811\n",
      " -0.23565699]\n",
      "[ 2.95504524e-01  3.68488115e-01 -1.63992639e-01 -1.63992639e-01\n",
      " -3.68488115e-01  2.95504524e-01  5.39464785e-16 -2.95504524e-01\n",
      " -2.95504524e-01  3.68488115e-01 -1.63992639e-01 -1.63992639e-01\n",
      " -3.68488115e-01]\n",
      "[-0.23565699 -0.36848811  0.34053422 -0.16399264  0.08410501 -0.29550452\n",
      "  0.37796447 -0.29550452 -0.23565699  0.36848811 -0.34053422  0.16399264\n",
      " -0.08410501]\n",
      "[ 1.63992639e-01  2.95504524e-01 -3.68488115e-01  3.68488115e-01\n",
      "  2.95504524e-01 -1.63992639e-01 -6.72658679e-16  1.63992639e-01\n",
      " -1.63992639e-01  2.95504524e-01 -3.68488115e-01  3.68488115e-01\n",
      "  2.95504524e-01]\n",
      "[-0.08410501 -0.16399264  0.23565699 -0.29550452 -0.34053422  0.36848811\n",
      " -0.37796447  0.36848811 -0.08410501  0.16399264 -0.23565699  0.29550452\n",
      "  0.34053422]\n",
      "\n",
      "----------------------------------------------------------------\n",
      "\n",
      "n = 15\n",
      "\n",
      "Eigenvalues:\n",
      "-9.833579669787653\n",
      "-38.90454406082965\n",
      "-85.94235253127356\n",
      "-148.891227138514\n",
      "-225.0000000000001\n",
      "-310.9423525312737\n",
      "-402.9621915295549\n",
      "-497.03780847044334\n",
      "-589.0576474687267\n",
      "-675.0000000000006\n",
      "-751.1087728614862\n",
      "-814.0576474687274\n",
      "-861.0954559391704\n",
      "-890.1664203302115\n",
      "\n",
      "Eigenvectors:\n",
      "[-3.16227766e-01  3.16227766e-01 -1.30282072e-15 -3.16227766e-01\n",
      "  3.16227766e-01 -8.55350799e-16  3.16227766e-01  3.16227766e-01\n",
      "  5.89904342e-16  3.16227766e-01  3.16227766e-01  1.86075673e-16\n",
      "  3.16227766e-01 -3.16227766e-01]\n",
      "[ 0.27135812 -0.36314805 -0.21462883  0.07591862 -0.31622777 -0.34727674\n",
      "  0.14851922 -0.14851922 -0.34727674  0.27135812  0.36314805  0.21462883\n",
      "  0.07591862 -0.31622777]\n",
      "[-2.14628828e-01  3.47276738e-01  3.47276738e-01  2.14628828e-01\n",
      " -3.02274962e-15  2.14628828e-01 -3.47276738e-01 -3.47276738e-01\n",
      " -2.14628828e-01  2.14628828e-01  3.47276738e-01  3.47276738e-01\n",
      " -2.14628828e-01 -2.64238653e-16]\n",
      "[ 0.14851922 -0.27135812 -0.34727674 -0.36314805  0.31622777  0.21462883\n",
      " -0.07591862  0.07591862  0.21462883  0.14851922  0.27135812  0.34727674\n",
      " -0.36314805  0.31622777]\n",
      "[-0.07591862  0.14851922  0.21462883  0.27135812 -0.31622777 -0.34727674\n",
      "  0.36314805  0.36314805  0.34727674  0.07591862  0.14851922  0.21462883\n",
      " -0.27135812  0.31622777]\n",
      "[ 3.47276738e-01 -2.14628828e-01  2.14628828e-01  3.47276738e-01\n",
      " -2.32309545e-15  3.47276738e-01 -2.14628828e-01  2.14628828e-01\n",
      "  3.47276738e-01  3.47276738e-01  2.14628828e-01 -2.14628828e-01\n",
      "  3.47276738e-01  4.82624626e-16]\n",
      "[-0.36314805  0.07591862 -0.34727674 -0.14851922 -0.31622777 -0.21462883\n",
      " -0.27135812 -0.27135812  0.21462883  0.36314805  0.07591862 -0.34727674\n",
      "  0.14851922  0.31622777]\n",
      "[ 0.36314805  0.07591862  0.34727674 -0.14851922  0.31622777 -0.21462883\n",
      "  0.27135812 -0.27135812 -0.21462883  0.36314805 -0.07591862 -0.34727674\n",
      " -0.14851922  0.31622777]\n",
      "[-3.47276738e-01 -2.14628828e-01 -2.14628828e-01  3.47276738e-01\n",
      " -4.77266600e-16  3.47276738e-01  2.14628828e-01  2.14628828e-01\n",
      " -3.47276738e-01  3.47276738e-01 -2.14628828e-01 -2.14628828e-01\n",
      " -3.47276738e-01 -5.99029071e-17]\n",
      "[ 3.16227766e-01  3.16227766e-01 -1.24301985e-15 -3.16227766e-01\n",
      " -3.16227766e-01 -9.97484760e-17 -3.16227766e-01  3.16227766e-01\n",
      "  7.23743344e-16  3.16227766e-01 -3.16227766e-01 -7.39574710e-16\n",
      " -3.16227766e-01 -3.16227766e-01]\n",
      "[-0.27135812 -0.36314805  0.21462883  0.07591862  0.31622777 -0.34727674\n",
      " -0.14851922 -0.14851922  0.34727674  0.27135812 -0.36314805  0.21462883\n",
      " -0.07591862 -0.31622777]\n",
      "[ 2.14628828e-01  3.47276738e-01 -3.47276738e-01  2.14628828e-01\n",
      "  9.40663845e-17  2.14628828e-01  3.47276738e-01 -3.47276738e-01\n",
      "  2.14628828e-01  2.14628828e-01 -3.47276738e-01  3.47276738e-01\n",
      "  2.14628828e-01  2.77855028e-17]\n",
      "[-0.14851922 -0.27135812  0.34727674 -0.36314805 -0.31622777  0.21462883\n",
      "  0.07591862  0.07591862 -0.21462883  0.14851922 -0.27135812  0.34727674\n",
      "  0.36314805  0.31622777]\n",
      "[ 0.07591862  0.14851922 -0.21462883  0.27135812  0.31622777 -0.34727674\n",
      " -0.36314805  0.36314805 -0.34727674  0.07591862 -0.14851922  0.21462883\n",
      "  0.27135812  0.31622777]\n",
      "\n",
      "----------------------------------------------------------------\n",
      "\n",
      "n = 16\n",
      "\n",
      "Eigenvalues:\n",
      "-9.837936433545934\n",
      "-38.973679354221034\n",
      "-86.28755850109674\n",
      "-149.96132803248753\n",
      "-227.54804069396374\n",
      "-316.0660826290742\n",
      "-412.1137551277414\n",
      "-512.0000000000003\n",
      "-611.8862448722566\n",
      "-707.9339173709275\n",
      "-796.4519593060368\n",
      "-874.038671967513\n",
      "-937.7124414989026\n",
      "-985.0263206457789\n",
      "-1014.1620635664541\n",
      "\n",
      "Eigenvectors:\n",
      "[-3.26640741e-01  2.50000000e-01  1.35299025e-01 -3.53553391e-01\n",
      " -1.35299025e-01 -2.50000000e-01 -3.26640741e-01  1.48803685e-15\n",
      "  3.26640741e-01 -3.26640741e-01 -2.50000000e-01  1.35299025e-01\n",
      "  3.53553391e-01 -2.50000000e-01  1.35299025e-01]\n",
      "[ 0.2939689  -0.32664074  0.06897484  0.25        0.34675996 -0.13529903\n",
      "  0.19642374  0.35355339  0.19642374 -0.2939689  -0.32664074 -0.06897484\n",
      "  0.25        0.13529903  0.34675996]\n",
      "[-2.50000000e-01  3.53553391e-01 -2.50000000e-01 -2.32487480e-15\n",
      " -2.50000000e-01  3.53553391e-01  2.50000000e-01 -1.85566997e-15\n",
      " -2.50000000e-01 -2.50000000e-01 -3.53553391e-01 -2.50000000e-01\n",
      "  1.61117823e-16  3.53553391e-01  2.50000000e-01]\n",
      "[ 0.19642374 -0.32664074  0.34675996 -0.25       -0.06897484 -0.13529903\n",
      " -0.2939689  -0.35355339 -0.2939689  -0.19642374 -0.32664074 -0.34675996\n",
      " -0.25        0.13529903 -0.06897484]\n",
      "[ 0.06897484 -0.13529903  0.19642374 -0.25       -0.2939689   0.32664074\n",
      "  0.34675996  0.35355339  0.34675996 -0.06897484 -0.13529903 -0.19642374\n",
      " -0.25       -0.32664074 -0.2939689 ]\n",
      "[-1.35299025e-01  2.50000000e-01 -3.26640741e-01  3.53553391e-01\n",
      "  3.26640741e-01 -2.50000000e-01 -1.35299025e-01  9.12659896e-16\n",
      "  1.35299025e-01 -1.35299025e-01 -2.50000000e-01 -3.26640741e-01\n",
      " -3.53553391e-01 -2.50000000e-01 -3.26640741e-01]\n",
      "[ 0.34675996 -0.13529903 -0.2939689   0.25       -0.19642374  0.32664074\n",
      " -0.06897484 -0.35355339 -0.06897484 -0.34675996 -0.13529903  0.2939689\n",
      "  0.25       -0.32664074 -0.19642374]\n",
      "[-3.53553391e-01  7.33843032e-15  3.53553391e-01  4.25171905e-15\n",
      "  3.53553391e-01 -3.91414413e-16  3.53553391e-01 -1.42595396e-15\n",
      " -3.53553391e-01 -3.53553391e-01 -1.23159410e-15  3.53553391e-01\n",
      " -3.63337990e-16  6.74198235e-16 -3.53553391e-01]\n",
      "[ 0.34675996  0.13529903 -0.2939689  -0.25       -0.19642374 -0.32664074\n",
      " -0.06897484  0.35355339 -0.06897484 -0.34675996  0.13529903  0.2939689\n",
      " -0.25        0.32664074 -0.19642374]\n",
      "[-3.26640741e-01 -2.50000000e-01  1.35299025e-01  3.53553391e-01\n",
      " -1.35299025e-01  2.50000000e-01 -3.26640741e-01  8.52870913e-16\n",
      "  3.26640741e-01 -3.26640741e-01  2.50000000e-01  1.35299025e-01\n",
      " -3.53553391e-01  2.50000000e-01  1.35299025e-01]\n",
      "[ 0.2939689   0.32664074  0.06897484 -0.25        0.34675996  0.13529903\n",
      "  0.19642374 -0.35355339  0.19642374 -0.2939689   0.32664074 -0.06897484\n",
      " -0.25       -0.13529903  0.34675996]\n",
      "[-2.50000000e-01 -3.53553391e-01 -2.50000000e-01 -3.38768582e-15\n",
      " -2.50000000e-01 -3.53553391e-01  2.50000000e-01 -1.21154725e-15\n",
      " -2.50000000e-01 -2.50000000e-01  3.53553391e-01 -2.50000000e-01\n",
      " -1.31853850e-16 -3.53553391e-01  2.50000000e-01]\n",
      "[ 0.19642374  0.32664074  0.34675996  0.25       -0.06897484  0.13529903\n",
      " -0.2939689   0.35355339 -0.2939689  -0.19642374  0.32664074 -0.34675996\n",
      "  0.25       -0.13529903 -0.06897484]\n",
      "[-1.35299025e-01 -2.50000000e-01 -3.26640741e-01 -3.53553391e-01\n",
      "  3.26640741e-01  2.50000000e-01 -1.35299025e-01  6.11729260e-16\n",
      "  1.35299025e-01 -1.35299025e-01  2.50000000e-01 -3.26640741e-01\n",
      "  3.53553391e-01  2.50000000e-01 -3.26640741e-01]\n",
      "[ 0.06897484  0.13529903  0.19642374  0.25       -0.2939689  -0.32664074\n",
      "  0.34675996 -0.35355339  0.34675996 -0.06897484  0.13529903 -0.19642374\n",
      "  0.25        0.32664074 -0.2939689 ]\n",
      "\n",
      "----------------------------------------------------------------\n",
      "\n",
      "n = 17\n",
      "\n",
      "Eigenvalues:\n",
      "-9.841548382704625\n",
      "-39.03105140428231\n",
      "-86.5744955482831\n",
      "-150.85284584645893\n",
      "-229.6771801727899\n",
      "-320.3632303611608\n",
      "-419.822791738336\n",
      "-524.6688882302113\n",
      "-631.3311117697859\n",
      "-736.1772082616657\n",
      "-835.6367696388405\n",
      "-926.3228198272113\n",
      "-1005.1471541535396\n",
      "-1069.4255044517176\n",
      "-1116.9689485957194\n",
      "-1146.1584516172977\n",
      "\n",
      "Eigenvectors:\n",
      "[-0.30703848  0.27371765  0.06302556 -0.32990347 -0.2310757  -0.12390487\n",
      " -0.341534   -0.18056474  0.18056474  0.341534   -0.30703848 -0.27371765\n",
      "  0.06302556 -0.32990347 -0.2310757   0.12390487]\n",
      "[ 0.27371765 -0.32990347  0.12390487  0.18056474  0.341534   -0.2310757\n",
      "  0.06302556  0.30703848  0.30703848  0.06302556 -0.27371765 -0.32990347\n",
      " -0.12390487 -0.18056474 -0.341534   -0.2310757 ]\n",
      "[-0.2310757   0.341534   -0.27371765  0.06302556 -0.18056474  0.32990347\n",
      "  0.30703848  0.12390487 -0.12390487 -0.30703848 -0.2310757  -0.341534\n",
      " -0.27371765  0.06302556 -0.18056474 -0.32990347]\n",
      "[ 0.18056474 -0.30703848  0.341534   -0.27371765 -0.12390487 -0.06302556\n",
      " -0.2310757  -0.32990347 -0.32990347 -0.2310757  -0.18056474 -0.30703848\n",
      " -0.341534    0.27371765  0.12390487 -0.06302556]\n",
      "[-0.12390487  0.2310757  -0.30703848  0.341534    0.32990347 -0.27371765\n",
      " -0.18056474 -0.06302556  0.06302556  0.18056474 -0.12390487 -0.2310757\n",
      " -0.30703848  0.341534    0.32990347  0.27371765]\n",
      "[ 0.06302556 -0.12390487  0.18056474 -0.2310757  -0.27371765  0.30703848\n",
      "  0.32990347  0.341534    0.341534    0.32990347 -0.06302556 -0.12390487\n",
      " -0.18056474  0.2310757   0.27371765  0.30703848]\n",
      "[ 0.32990347 -0.18056474 -0.2310757   0.30703848 -0.06302556  0.341534\n",
      "  0.12390487 -0.27371765 -0.27371765  0.12390487 -0.32990347 -0.18056474\n",
      "  0.2310757  -0.30703848  0.06302556  0.341534  ]\n",
      "[-0.341534    0.06302556  0.32990347 -0.12390487  0.30703848 -0.18056474\n",
      "  0.27371765  0.2310757  -0.2310757  -0.27371765 -0.341534   -0.06302556\n",
      "  0.32990347 -0.12390487  0.30703848  0.18056474]\n",
      "[ 0.341534    0.06302556 -0.32990347 -0.12390487 -0.30703848 -0.18056474\n",
      " -0.27371765  0.2310757   0.2310757  -0.27371765 -0.341534    0.06302556\n",
      "  0.32990347  0.12390487  0.30703848 -0.18056474]\n",
      "[-0.32990347 -0.18056474  0.2310757   0.30703848  0.06302556  0.341534\n",
      " -0.12390487 -0.27371765  0.27371765  0.12390487 -0.32990347  0.18056474\n",
      "  0.2310757   0.30703848  0.06302556 -0.341534  ]\n",
      "[ 0.30703848  0.27371765 -0.06302556 -0.32990347  0.2310757  -0.12390487\n",
      "  0.341534   -0.18056474 -0.18056474  0.341534   -0.30703848  0.27371765\n",
      "  0.06302556  0.32990347 -0.2310757  -0.12390487]\n",
      "[-0.27371765 -0.32990347 -0.12390487  0.18056474 -0.341534   -0.2310757\n",
      " -0.06302556  0.30703848 -0.30703848  0.06302556 -0.27371765  0.32990347\n",
      " -0.12390487  0.18056474 -0.341534    0.2310757 ]\n",
      "[ 0.2310757   0.341534    0.27371765  0.06302556  0.18056474  0.32990347\n",
      " -0.30703848  0.12390487  0.12390487 -0.30703848 -0.2310757   0.341534\n",
      " -0.27371765 -0.06302556 -0.18056474  0.32990347]\n",
      "[-0.18056474 -0.30703848 -0.341534   -0.27371765  0.12390487 -0.06302556\n",
      "  0.2310757  -0.32990347  0.32990347 -0.2310757  -0.18056474  0.30703848\n",
      " -0.341534   -0.27371765  0.12390487  0.06302556]\n",
      "[ 0.12390487  0.2310757   0.30703848  0.341534   -0.32990347 -0.27371765\n",
      "  0.18056474 -0.06302556 -0.06302556  0.18056474 -0.12390487  0.2310757\n",
      " -0.30703848 -0.341534    0.32990347 -0.27371765]\n",
      "[-0.06302556 -0.12390487 -0.18056474 -0.2310757   0.27371765  0.30703848\n",
      " -0.32990347  0.341534   -0.341534    0.32990347 -0.06302556  0.12390487\n",
      " -0.18056474 -0.2310757   0.27371765 -0.30703848]\n",
      "\n",
      "----------------------------------------------------------------\n",
      "\n",
      "n = 18\n",
      "\n",
      "Eigenvalues:\n",
      "-9.844576048089294\n",
      "-39.07918173073155\n",
      "-86.81553834768391\n",
      "-151.60320085890257\n",
      "-231.47362892312253\n",
      "-323.9999999999999\n",
      "-426.3709471249666\n",
      "-535.4759808718301\n",
      "-647.9999999999993\n",
      "-760.524019128172\n",
      "-869.6290528750352\n",
      "-971.9999999999995\n",
      "-1064.5263710768756\n",
      "-1144.3967991410989\n",
      "-1209.1844616523167\n",
      "-1256.9208182692696\n",
      "-1286.1554239519135\n",
      "\n",
      "Eigenvectors:\n",
      "[-2.88675135e-01  2.88675135e-01 -1.31827886e-14 -2.88675135e-01\n",
      " -2.88675135e-01 -7.06879950e-15 -2.88675135e-01  2.88675135e-01\n",
      "  1.90791948e-15 -2.88675135e-01 -2.88675135e-01  2.88675135e-01\n",
      "  2.88675135e-01 -8.01775008e-16  2.88675135e-01 -2.88675135e-01\n",
      " -6.35733000e-17]\n",
      "[ 0.25534815 -0.32826925  0.16666667  0.11400671  0.31323087 -0.28867513\n",
      " -0.05788273 -0.21426254 -0.33333333 -0.21426254  0.05788273  0.25534815\n",
      "  0.32826925 -0.16666667  0.11400671 -0.31323087 -0.28867513]\n",
      "[-2.14262537e-01  3.28269251e-01 -2.88675135e-01  1.14006714e-01\n",
      " -1.14006714e-01  2.88675135e-01  3.28269251e-01 -2.14262537e-01\n",
      " -1.46280899e-15  2.14262537e-01  3.28269251e-01  2.14262537e-01\n",
      "  3.28269251e-01 -2.88675135e-01 -1.14006714e-01 -1.14006714e-01\n",
      " -2.88675135e-01]\n",
      "[ 1.66666667e-01 -2.88675135e-01  3.33333333e-01 -2.88675135e-01\n",
      " -1.66666667e-01 -3.59930071e-15 -1.66666667e-01  2.88675135e-01\n",
      "  3.33333333e-01  2.88675135e-01  1.66666667e-01  1.66666667e-01\n",
      "  2.88675135e-01 -3.33333333e-01 -2.88675135e-01  1.66666667e-01\n",
      "  5.64668130e-17]\n",
      "[-1.14006714e-01  2.14262537e-01 -2.88675135e-01  3.28269251e-01\n",
      "  3.28269251e-01 -2.88675135e-01 -2.14262537e-01  1.14006714e-01\n",
      "  4.77215296e-16 -1.14006714e-01 -2.14262537e-01  1.14006714e-01\n",
      "  2.14262537e-01 -2.88675135e-01 -3.28269251e-01  3.28269251e-01\n",
      "  2.88675135e-01]\n",
      "[ 0.05788273 -0.11400671  0.16666667 -0.21426254 -0.25534815  0.28867513\n",
      "  0.31323087 -0.32826925 -0.33333333 -0.32826925 -0.31323087  0.05788273\n",
      "  0.11400671 -0.16666667 -0.21426254  0.25534815  0.28867513]\n",
      "[ 0.31323087 -0.21426254 -0.16666667  0.32826925  0.05788273  0.28867513\n",
      "  0.25534815  0.11400671  0.33333333  0.11400671 -0.25534815  0.31323087\n",
      "  0.21426254  0.16666667  0.32826925 -0.05788273  0.28867513]\n",
      "[-3.28269251e-01  1.14006714e-01  2.88675135e-01 -2.14262537e-01\n",
      "  2.14262537e-01 -2.88675135e-01  1.14006714e-01 -3.28269251e-01\n",
      " -1.56054892e-15  3.28269251e-01  1.14006714e-01  3.28269251e-01\n",
      "  1.14006714e-01  2.88675135e-01  2.14262537e-01  2.14262537e-01\n",
      "  2.88675135e-01]\n",
      "[ 3.33333333e-01 -3.33177158e-14 -3.33333333e-01  4.54660298e-15\n",
      " -3.33333333e-01 -8.41257998e-15 -3.33333333e-01  2.87157665e-15\n",
      " -3.33333333e-01  1.77830223e-16  3.33333333e-01  3.33333333e-01\n",
      "  2.84031479e-15  3.33333333e-01 -5.27609152e-16  3.33333333e-01\n",
      "  2.54185753e-16]\n",
      "[-3.28269251e-01 -1.14006714e-01  2.88675135e-01  2.14262537e-01\n",
      "  2.14262537e-01  2.88675135e-01  1.14006714e-01  3.28269251e-01\n",
      "  1.64979592e-15 -3.28269251e-01  1.14006714e-01  3.28269251e-01\n",
      " -1.14006714e-01  2.88675135e-01 -2.14262537e-01  2.14262537e-01\n",
      " -2.88675135e-01]\n",
      "[ 0.31323087  0.21426254 -0.16666667 -0.32826925  0.05788273 -0.28867513\n",
      "  0.25534815 -0.11400671  0.33333333 -0.11400671 -0.25534815  0.31323087\n",
      " -0.21426254  0.16666667 -0.32826925 -0.05788273 -0.28867513]\n",
      "[-2.88675135e-01 -2.88675135e-01  1.30910889e-14  2.88675135e-01\n",
      " -2.88675135e-01 -5.62235279e-15 -2.88675135e-01 -2.88675135e-01\n",
      " -1.13793854e-15  2.88675135e-01 -2.88675135e-01  2.88675135e-01\n",
      " -2.88675135e-01  1.69576629e-15 -2.88675135e-01 -2.88675135e-01\n",
      " -2.15823844e-16]\n",
      "[ 0.25534815  0.32826925  0.16666667 -0.11400671  0.31323087  0.28867513\n",
      " -0.05788273  0.21426254 -0.33333333  0.21426254  0.05788273  0.25534815\n",
      " -0.32826925 -0.16666667 -0.11400671 -0.31323087  0.28867513]\n",
      "[-2.14262537e-01 -3.28269251e-01 -2.88675135e-01 -1.14006714e-01\n",
      " -1.14006714e-01 -2.88675135e-01  3.28269251e-01  2.14262537e-01\n",
      "  4.57706962e-16 -2.14262537e-01  3.28269251e-01  2.14262537e-01\n",
      " -3.28269251e-01 -2.88675135e-01  1.14006714e-01 -1.14006714e-01\n",
      "  2.88675135e-01]\n",
      "[ 1.66666667e-01  2.88675135e-01  3.33333333e-01  2.88675135e-01\n",
      " -1.66666667e-01 -1.93482356e-15 -1.66666667e-01 -2.88675135e-01\n",
      "  3.33333333e-01 -2.88675135e-01  1.66666667e-01  1.66666667e-01\n",
      " -2.88675135e-01 -3.33333333e-01  2.88675135e-01  1.66666667e-01\n",
      "  8.74143805e-17]\n",
      "[-1.14006714e-01 -2.14262537e-01 -2.88675135e-01 -3.28269251e-01\n",
      "  3.28269251e-01  2.88675135e-01 -2.14262537e-01 -1.14006714e-01\n",
      " -8.49241584e-16  1.14006714e-01 -2.14262537e-01  1.14006714e-01\n",
      " -2.14262537e-01 -2.88675135e-01  3.28269251e-01  3.28269251e-01\n",
      " -2.88675135e-01]\n",
      "[ 0.05788273  0.11400671  0.16666667  0.21426254 -0.25534815 -0.28867513\n",
      "  0.31323087  0.32826925 -0.33333333  0.32826925 -0.31323087  0.05788273\n",
      " -0.11400671 -0.16666667  0.21426254  0.25534815 -0.28867513]\n",
      "\n",
      "----------------------------------------------------------------\n",
      "\n",
      "n = 19\n",
      "\n",
      "Eigenvalues:\n",
      "-9.84713894323456\n",
      "-39.11995149214174\n",
      "-87.01995162891437\n",
      "-152.24055221580358\n",
      "-233.00270528621482\n",
      "-327.10342983560787\n",
      "-431.9759034005559\n",
      "-544.7594782843443\n",
      "-662.3777125689757\n",
      "-781.6222874310234\n",
      "-899.240521715657\n",
      "-1012.0240965994434\n",
      "-1116.896570164392\n",
      "-1210.9972947137849\n",
      "-1291.7594477841972\n",
      "-1356.9800483710856\n",
      "-1404.8800485078548\n",
      "-1434.1528610567627\n",
      "\n",
      "Eigenvectors:\n",
      "[-0.2971161   0.23870036  0.10534642 -0.32333471 -0.15441772 -0.19927692\n",
      " -0.31451498 -0.05340154  0.27161267  0.27161267 -0.05340154 -0.2971161\n",
      " -0.23870036 -0.10534642 -0.32333471  0.15441772  0.31451498  0.19927692]\n",
      "[ 0.27161267 -0.2971161   0.05340154  0.23870036  0.31451498 -0.10534642\n",
      "  0.19927692  0.32333471  0.15441772 -0.15441772 -0.32333471 -0.27161267\n",
      " -0.2971161   0.05340154 -0.23870036  0.31451498  0.19927692 -0.10534642]\n",
      "[-0.23870036  0.32333471 -0.19927692 -0.05340154 -0.27161267  0.31451498\n",
      "  0.15441772 -0.10534642 -0.2971161  -0.2971161  -0.10534642 -0.23870036\n",
      " -0.32333471  0.19927692 -0.05340154  0.27161267 -0.15441772 -0.31451498]\n",
      "[ 0.19927692 -0.31451498  0.2971161  -0.15441772  0.05340154 -0.23870036\n",
